posttest
72.0
70.0
82.0
72.0
55.0
78.0
79.0
49.0
58.0
61.0
65.0
60.0
74.0
100.0
54.0
50.0
46.0
80.0
82.0
60.0
54.0
66.0
62.0
49.0
70.0
90.0
62.0
77.0
95.0
70.0
94.0
84.0
76.0
78.0
63.0
57.0
55.0
55.0
42.0
52.0
67.0
93.0
53.0
91.0
82.0
74.0
71.0
90.0
78.0
40.0
61.0
76.0
52.0
78.0
60.0
95.0
54.0
70.0
76.0
92.0
75.0
86.0
60.0
53.0
69.0
62.0
83.0
56.0
46.0
40.0
91.0
72.0
57.0
89.0
71.0
41.0
53.0
61.0
73.0
45.0
76.0
65.0
49.0
85.0
74.0
40.0
95.0
80.0
70.0
81.0
69.0
57.0
96.0
49.0
56.0
52.0
72.0
85.0
71.0
55.0
71.0
67.0
75.0
90.0
46.0
62.0
60.0
51.0
54.0
85.0
93.0
70.0
68.0
54.0
60.0
100.0
87.0
55.0
50.0
74.0
57.0
62.0
70.0
76.0
72.0
92.0
49.0
56.0
82.0
96.0
70.0
60.0
61.0
75.0
93.0
72.0
67.0
50.0
79.0
59.0
69.0
69.0
87.0
59.0
67.0
43.0
62.0
73.0
56.0
56.0
52.0
67.0
52.0
73.0
69.0
98.0
91.0
65.0
73.0
73.0
63.0
51.0
64.0
77.0
70.0
53.0
49.0
89.0
53.0
46.0
91.0
70.0
51.0
57.0
54.0
77.0
78.0
73.0
55.0
46.0
89.0
91.0
88.0
70.0
65.0
70.0
71.0
52.0
57.0
62.0
67.0
59.0
84.0
75.0
83.0
54.0
94.0
79.0
63.0
70.0
89.0
89.0
80.0
63.0
60.0
62.0
65.0
64.0
80.0
75.0
37.0
54.0
54.0
73.0
73.0
83.0
59.0
70.0
77.0
66.0
77.0
36.0
53.0
71.0
50.0
76.0
70.0
41.0
76.0
92.0
64.0
57.0
80.0
55.0
73.0
63.0
62.0
57.0
80.0
88.0
49.0
82.0
79.0
74.0
47.0
62.0
81.0
73.0
78.0
68.0
50.0
74.0
78.0
64.0
82.0
68.0
66.0
83.0
79.0
86.0
78.0
69.0
80.0
76.0
50.0
49.0
79.0
67.0
95.0
68.0
52.0
55.0
50.0
44.0
91.0
98.0
77.0
83.0
74.0
72.0
37.0
85.0
72.0
56.0
74.0
74.0
42.0
75.0
58.0
77.0
62.0
96.0
72.0
47.0
59.0
67.0
97.0
69.0
47.0
50.0
68.0
87.0
76.0
79.0
77.0
78.0
55.0
79.0
73.0
70.0
78.0
70.0
52.0
53.0
54.0
74.0
53.0
73.0
79.0
88.0
60.0
63.0
49.0
50.0
61.0
84.0
56.0
56.0
58.0
79.0
84.0
58.0
49.0
58.0
48.0
53.0
73.0
90.0
78.0
49.0
69.0
74.0
76.0
64.0
69.0
86.0
46.0
61.0
70.0
59.0
45.0
79.0
64.0
76.0
52.0
62.0
74.0
62.0
85.0
90.0
84.0
59.0
85.0
54.0
75.0
97.0
69.0
53.0
55.0
64.0
40.0
63.0
91.0
75.0
55.0
85.0
65.0
79.0
68.0
52.0
76.0
62.0
83.0
59.0
67.0
88.0
68.0
64.0
38.0
41.0
81.0
88.0
62.0
78.0
46.0
62.0
69.0
48.0
58.0
68.0
84.0
57.0
65.0
72.0
75.0
73.0
79.0
56.0
79.0
84.0
78.0
57.0
62.0
54.0
77.0
53.0
66.0
77.0
52.0
74.0
43.0
74.0
64.0
66.0
50.0
77.0
71.0
98.0
42.0
88.0
93.0
86.0
70.0
63.0
76.0
47.0
90.0
87.0
60.0
53.0
50.0
62.0
67.0
91.0
40.0
79.0
83.0
63.0
82.0
39.0
61.0
56.0
44.0
77.0
53.0
57.0
47.0
87.0
60.0
64.0
65.0
63.0
89.0
92.0
66.0
67.0
72.0
55.0
68.0
64.0
57.0
61.0
62.0
78.0
59.0
73.0
79.0
78.0
67.0
70.0
43.0
57.0
60.0
61.0
98.0
49.0
40.0
87.0
79.0
40.0
78.0
72.0
63.0
57.0
69.0
85.0
81.0
49.0
77.0
50.0
48.0
66.0
67.0
74.0
39.0
47.0
56.0
76.0
67.0
44.0
40.0
49.0
50.0
75.0
57.0
56.0
69.0
60.0
50.0
70.0
73.0
66.0
58.0
60.0
71.0
59.0
60.0
77.0
61.0
69.0
57.0
71.0
64.0
46.0
88.0
47.0
59.0
69.0
75.0
62.0
58.0
84.0
82.0
45.0
41.0
70.0
73.0
79.0
49.0
74.0
51.0
42.0
70.0
67.0
66.0
77.0
79.0
78.0
60.0
59.0
53.0
55.0
69.0
81.0
51.0
61.0
52.0
82.0
39.0
98.0
65.0
91.0
66.0
79.0
71.0
67.0
69.0
58.0
93.0
51.0
91.0
75.0
78.0
58.0
54.0
89.0
56.0
88.0
71.0
63.0
47.0
49.0
68.0
66.0
42.0
63.0
