posttest
69.0
43.0
59.0
55.0
48.0
68.0
61.0
91.0
60.0
87.0
60.0
85.0
72.0
78.0
77.0
72.0
62.0
65.0
45.0
74.0
68.0
92.0
67.0
78.0
82.0
76.0
67.0
61.0
75.0
51.0
66.0
61.0
84.0
68.0
88.0
76.0
81.0
62.0
76.0
63.0
92.0
73.0
78.0
70.0
43.0
50.0
57.0
44.0
82.0
53.0
59.0
58.0
68.0
72.0
76.0
96.0
85.0
72.0
39.0
61.0
95.0
74.0
61.0
90.0
53.0
49.0
49.0
80.0
63.0
49.0
85.0
54.0
76.0
73.0
34.0
71.0
76.0
66.0
59.0
78.0
88.0
68.0
58.0
88.0
78.0
55.0
86.0
71.0
70.0
79.0
47.0
49.0
44.0
51.0
74.0
59.0
55.0
73.0
41.0
58.0
68.0
71.0
61.0
59.0
68.0
75.0
75.0
68.0
79.0
51.0
75.0
70.0
79.0
56.0
60.0
57.0
67.0
44.0
73.0
53.0
61.0
64.0
49.0
56.0
75.0
58.0
65.0
62.0
72.0
87.0
69.0
69.0
52.0
59.0
62.0
53.0
80.0
94.0
78.0
82.0
87.0
53.0
79.0
78.0
42.0
67.0
90.0
49.0
63.0
70.0
78.0
72.0
79.0
43.0
51.0
55.0
56.0
55.0
67.0
45.0
39.0
85.0
69.0
77.0
45.0
73.0
45.0
69.0
73.0
47.0
66.0
62.0
48.0
76.0
77.0
59.0
57.0
75.0
73.0
94.0
66.0
85.0
100.0
52.0
58.0
94.0
73.0
47.0
65.0
58.0
83.0
52.0
62.0
72.0
78.0
53.0
47.0
72.0
81.0
86.0
50.0
61.0
32.0
66.0
88.0
57.0
53.0
62.0
76.0
61.0
81.0
65.0
87.0
50.0
93.0
58.0
54.0
72.0
70.0
66.0
56.0
47.0
45.0
49.0
83.0
75.0
59.0
68.0
65.0
44.0
58.0
55.0
89.0
53.0
58.0
81.0
48.0
74.0
47.0
42.0
56.0
81.0
50.0
66.0
62.0
65.0
86.0
100.0
56.0
79.0
53.0
51.0
90.0
56.0
95.0
43.0
54.0
59.0
85.0
67.0
42.0
82.0
61.0
71.0
91.0
81.0
66.0
70.0
79.0
51.0
50.0
72.0
47.0
53.0
74.0
57.0
81.0
48.0
51.0
65.0
69.0
79.0
70.0
73.0
85.0
75.0
61.0
75.0
56.0
78.0
75.0
58.0
59.0
58.0
69.0
68.0
94.0
72.0
72.0
68.0
75.0
87.0
56.0
60.0
55.0
84.0
72.0
84.0
64.0
67.0
52.0
71.0
53.0
78.0
74.0
60.0
80.0
69.0
69.0
50.0
73.0
65.0
41.0
48.0
59.0
73.0
56.0
50.0
73.0
47.0
52.0
74.0
55.0
60.0
75.0
71.0
55.0
51.0
56.0
91.0
83.0
93.0
47.0
54.0
63.0
48.0
73.0
48.0
63.0
50.0
96.0
93.0
78.0
73.0
82.0
90.0
58.0
75.0
62.0
90.0
57.0
74.0
63.0
83.0
48.0
69.0
63.0
45.0
43.0
81.0
56.0
99.0
96.0
58.0
55.0
39.0
58.0
66.0
71.0
54.0
51.0
56.0
84.0
51.0
82.0
80.0
57.0
94.0
79.0
91.0
79.0
76.0
43.0
69.0
68.0
54.0
87.0
92.0
73.0
41.0
83.0
63.0
54.0
66.0
82.0
66.0
74.0
74.0
76.0
49.0
62.0
51.0
56.0
79.0
71.0
93.0
68.0
68.0
72.0
60.0
63.0
69.0
42.0
57.0
52.0
69.0
73.0
70.0
85.0
65.0
61.0
88.0
62.0
94.0
63.0
70.0
73.0
59.0
71.0
77.0
64.0
63.0
61.0
91.0
60.0
75.0
47.0
59.0
67.0
72.0
68.0
43.0
73.0
83.0
79.0
44.0
67.0
78.0
54.0
66.0
76.0
50.0
73.0
82.0
75.0
60.0
58.0
52.0
77.0
49.0
72.0
92.0
59.0
48.0
74.0
65.0
76.0
63.0
76.0
90.0
73.0
67.0
60.0
90.0
64.0
51.0
49.0
46.0
71.0
70.0
67.0
57.0
38.0
65.0
78.0
83.0
90.0
63.0
56.0
85.0
54.0
47.0
54.0
52.0
93.0
49.0
49.0
74.0
63.0
79.0
79.0
65.0
62.0
77.0
67.0
77.0
76.0
45.0
56.0
46.0
54.0
70.0
54.0
64.0
68.0
62.0
80.0
64.0
91.0
100.0
77.0
55.0
72.0
70.0
69.0
66.0
48.0
56.0
57.0
55.0
79.0
59.0
69.0
60.0
85.0
45.0
69.0
64.0
69.0
61.0
64.0
73.0
45.0
86.0
93.0
55.0
92.0
93.0
63.0
54.0
61.0
89.0
67.0
55.0
44.0
76.0
64.0
63.0
79.0
64.0
70.0
43.0
81.0
54.0
59.0
77.0
69.0
49.0
49.0
81.0
85.0
59.0
55.0
46.0
61.0
38.0
39.0
69.0
71.0
72.0
75.0
53.0
73.0
68.0
70.0
56.0
82.0
82.0
73.0
47.0
71.0
65.0
69.0
47.0
69.0
82.0
55.0
85.0
72.0
77.0
81.0
54.0
58.0
74.0
76.0
71.0
94.0
74.0
71.0
72.0
64.0
90.0
81.0
54.0
61.0
55.0
44.0
53.0
78.0
78.0
54.0
68.0
71.0
68.0
43.0
74.0
92.0
73.0
52.0
78.0
83.0
77.0
53.0
58.0
39.0
58.0
80.0
77.0
62.0
71.0
48.0
46.0
50.0
50.0
93.0
43.0
68.0
73.0
55.0
100.0
68.0
55.0
68.0
51.0
63.0
70.0
59.0
95.0
78.0
81.0
73.0
59.0
84.0
71.0
50.0
81.0
60.0
83.0
79.0
72.0
72.0
86.0
43.0
48.0
95.0
78.0
82.0
79.0
61.0
63.0
77.0
53.0
48.0
83.0
77.0
48.0
91.0
61.0
57.0
80.0
80.0
71.0
79.0
68.0
62.0
56.0
76.0
92.0
46.0
71.0
47.0
58.0
59.0
69.0
57.0
44.0
66.0
62.0
80.0
54.0
64.0
60.0
45.0
83.0
80.0
62.0
76.0
66.0
54.0
93.0
63.0
68.0
58.0
64.0
61.0
50.0
59.0
78.0
71.0
55.0
86.0
81.0
44.0
69.0
67.0
80.0
58.0
53.0
54.0
79.0
66.0
69.0
54.0
70.0
79.0
79.0
74.0
58.0
65.0
86.0
58.0
64.0
77.0
73.0
68.0
49.0
62.0
78.0
57.0
90.0
67.0
41.0
62.0
68.0
87.0
47.0
67.0
62.0
94.0
57.0
44.0
80.0
69.0
71.0
74.0
95.0
70.0
67.0
89.0
74.0
72.0
68.0
69.0
89.0
48.0
57.0
67.0
58.0
72.0
77.0
64.0
55.0
64.0
56.0
49.0
67.0
96.0
74.0
78.0
76.0
59.0
88.0
81.0
87.0
54.0
91.0
93.0
53.0
70.0
45.0
70.0
44.0
56.0
82.0
80.0
89.0
68.0
71.0
78.0
71.0
76.0
90.0
64.0
73.0
70.0
90.0
51.0
57.0
76.0
51.0
70.0
69.0
77.0
83.0
82.0
54.0
76.0
51.0
67.0
77.0
75.0
56.0
76.0
75.0
71.0
50.0
65.0
96.0
51.0
79.0
80.0
75.0
85.0
50.0
52.0
80.0
59.0
70.0
50.0
63.0
79.0
45.0
79.0
52.0
86.0
70.0
75.0
90.0
68.0
71.0
88.0
51.0
97.0
45.0
43.0
62.0
85.0
41.0
75.0
69.0
72.0
77.0
72.0
69.0
74.0
57.0
69.0
84.0
87.0
85.0
50.0
81.0
88.0
68.0
75.0
83.0
52.0
81.0
65.0
58.0
65.0
93.0
65.0
71.0
61.0
70.0
63.0
60.0
77.0
59.0
72.0
84.0
68.0
71.0
77.0
61.0
61.0
50.0
83.0
48.0
69.0
93.0
94.0
67.0
74.0
66.0
68.0
74.0
59.0
47.0
74.0
64.0
84.0
45.0
60.0
43.0
81.0
76.0
65.0
76.0
68.0
53.0
95.0
79.0
69.0
56.0
58.0
70.0
46.0
95.0
70.0
51.0
72.0
47.0
81.0
69.0
45.0
59.0
82.0
61.0
57.0
53.0
93.0
68.0
85.0
70.0
59.0
74.0
48.0
69.0
94.0
59.0
58.0
52.0
35.0
69.0
65.0
81.0
60.0
81.0
83.0
68.0
59.0
78.0
58.0
67.0
56.0
46.0
47.0
75.0
70.0
54.0
38.0
64.0
46.0
71.0
74.0
62.0
73.0
91.0
60.0
60.0
52.0
76.0
81.0
67.0
77.0
59.0
74.0
54.0
51.0
64.0
51.0
54.0
57.0
48.0
80.0
57.0
44.0
57.0
45.0
71.0
55.0
48.0
72.0
82.0
80.0
72.0
57.0
72.0
71.0
61.0
77.0
60.0
62.0
68.0
51.0
55.0
45.0
82.0
53.0
52.0
56.0
44.0
75.0
81.0
79.0
80.0
70.0
67.0
90.0
63.0
55.0
75.0
79.0
60.0
66.0
69.0
37.0
65.0
77.0
66.0
69.0
72.0
82.0
48.0
47.0
43.0
80.0
82.0
66.0
81.0
48.0
62.0
72.0
80.0
84.0
56.0
72.0
78.0
48.0
71.0
61.0
72.0
70.0
78.0
56.0
87.0
60.0
60.0
59.0
68.0
90.0
69.0
85.0
87.0
78.0
75.0
76.0
65.0
67.0
72.0
78.0
81.0
86.0
75.0
51.0
48.0
49.0
77.0
80.0
79.0
74.0
77.0
47.0
68.0
80.0
90.0
66.0
50.0
68.0
62.0
67.0
72.0
93.0
74.0
87.0
51.0
59.0
61.0
67.0
55.0
81.0
48.0
52.0
81.0
67.0
82.0
86.0
75.0
69.0
89.0
61.0
62.0
88.0
46.0
68.0
67.0
41.0
73.0
71.0
69.0
74.0
52.0
82.0
78.0
52.0
43.0
91.0
40.0
80.0
68.0
70.0
72.0
86.0
77.0
84.0
46.0
95.0
48.0
65.0
69.0
94.0
77.0
88.0
43.0
57.0
61.0
80.0
62.0
72.0
90.0
58.0
60.0
84.0
71.0
61.0
79.0
55.0
45.0
77.0
74.0
88.0
58.0
42.0
76.0
59.0
44.0
65.0
67.0
51.0
59.0
62.0
87.0
83.0
78.0
95.0
81.0
42.0
50.0
68.0
70.0
52.0
65.0
51.0
72.0
62.0
53.0
55.0
85.0
43.0
59.0
80.0
45.0
79.0
61.0
69.0
79.0
54.0
53.0
70.0
66.0
65.0
80.0
59.0
51.0
53.0
59.0
49.0
