posttest
72.0
79.0
76.0
77.0
76.0
74.0
75.0
77.0
72.0
73.0
74.0
78.0
71.0
77.0
73.0
73.0
71.0
73.0
68.0
70.0
66.0
70.0
65.0
67.0
70.0
67.0
63.0
66.0
71.0
76.0
69.0
69.0
68.0
71.0
66.0
69.0
72.0
66.0
75.0
82.0
77.0
87.0
80.0
75.0
73.0
74.0
74.0
76.0
78.0
77.0
77.0
72.0
83.0
79.0
80.0
83.0
82.0
84.0
83.0
91.0
85.0
83.0
78.0
84.0
86.0
87.0
79.0
84.0
82.0
83.0
78.0
84.0
79.0
83.0
81.0
74.0
77.0
82.0
81.0
75.0
81.0
77.0
74.0
80.0
76.0
77.0
74.0
76.0
82.0
73.0
78.0
83.0
84.0
78.0
81.0
80.0
82.0
84.0
80.0
91.0
80.0
84.0
78.0
85.0
83.0
83.0
68.0
70.0
73.0
73.0
69.0
71.0
74.0
69.0
70.0
76.0
75.0
69.0
67.0
69.0
72.0
76.0
80.0
76.0
82.0
72.0
70.0
75.0
77.0
76.0
83.0
75.0
72.0
77.0
77.0
69.0
74.0
79.0
74.0
73.0
67.0
70.0
73.0
72.0
68.0
66.0
66.0
69.0
78.0
69.0
71.0
71.0
70.0
81.0
72.0
65.0
64.0
71.0
76.0
79.0
78.0
72.0
74.0
79.0
78.0
76.0
77.0
75.0
78.0
82.0
78.0
80.0
79.0
80.0
81.0
78.0
76.0
88.0
80.0
81.0
83.0
78.0
87.0
82.0
82.0
84.0
85.0
82.0
83.0
82.0
87.0
78.0
77.0
78.0
79.0
72.0
80.0
75.0
75.0
77.0
79.0
75.0
80.0
86.0
76.0
78.0
75.0
80.0
79.0
74.0
70.0
67.0
70.0
67.0
69.0
63.0
67.0
68.0
68.0
70.0
65.0
67.0
67.0
65.0
65.0
74.0
69.0
61.0
69.0
74.0
68.0
63.0
71.0
62.0
62.0
58.0
63.0
57.0
59.0
57.0
64.0
58.0
64.0
56.0
61.0
61.0
64.0
60.0
61.0
63.0
66.0
62.0
59.0
59.0
62.0
58.0
62.0
59.0
61.0
65.0
64.0
67.0
72.0
69.0
68.0
67.0
62.0
64.0
65.0
65.0
64.0
63.0
66.0
65.0
62.0
65.0
68.0
65.0
59.0
68.0
64.0
67.0
61.0
64.0
63.0
63.0
63.0
65.0
66.0
72.0
69.0
65.0
72.0
71.0
70.0
70.0
76.0
67.0
74.0
68.0
69.0
71.0
72.0
70.0
66.0
70.0
70.0
69.0
67.0
67.0
64.0
65.0
70.0
60.0
61.0
58.0
60.0
63.0
61.0
59.0
64.0
64.0
62.0
63.0
63.0
55.0
65.0
57.0
54.0
62.0
61.0
59.0
56.0
58.0
56.0
63.0
58.0
60.0
49.0
60.0
57.0
58.0
63.0
67.0
53.0
62.0
54.0
65.0
67.0
61.0
64.0
59.0
52.0
74.0
74.0
79.0
71.0
73.0
74.0
71.0
68.0
75.0
72.0
79.0
75.0
78.0
67.0
73.0
73.0
67.0
73.0
67.0
72.0
77.0
74.0
76.0
77.0
74.0
73.0
69.0
74.0
61.0
69.0
74.0
66.0
70.0
68.0
71.0
68.0
66.0
72.0
71.0
64.0
66.0
70.0
68.0
71.0
69.0
66.0
68.0
72.0
70.0
74.0
69.0
67.0
66.0
71.0
70.0
67.0
69.0
65.0
76.0
62.0
67.0
70.0
64.0
75.0
70.0
68.0
68.0
78.0
79.0
76.0
76.0
84.0
78.0
73.0
77.0
80.0
79.0
84.0
78.0
84.0
85.0
88.0
81.0
82.0
79.0
83.0
83.0
83.0
80.0
81.0
82.0
86.0
83.0
73.0
76.0
87.0
79.0
76.0
68.0
69.0
76.0
73.0
78.0
77.0
77.0
74.0
72.0
74.0
80.0
75.0
61.0
49.0
60.0
61.0
58.0
55.0
58.0
57.0
61.0
55.0
59.0
61.0
61.0
59.0
57.0
50.0
57.0
58.0
55.0
56.0
64.0
75.0
76.0
79.0
82.0
76.0
78.0
79.0
75.0
82.0
74.0
79.0
79.0
75.0
79.0
80.0
81.0
85.0
78.0
77.0
73.0
84.0
83.0
81.0
74.0
77.0
64.0
64.0
65.0
69.0
61.0
64.0
65.0
72.0
72.0
60.0
70.0
65.0
74.0
69.0
63.0
69.0
69.0
62.0
65.0
57.0
57.0
49.0
54.0
55.0
59.0
58.0
62.0
55.0
59.0
54.0
53.0
60.0
59.0
51.0
53.0
51.0
57.0
67.0
60.0
63.0
59.0
70.0
65.0
66.0
59.0
69.0
62.0
63.0
63.0
67.0
64.0
66.0
63.0
63.0
61.0
69.0
63.0
65.0
68.0
65.0
66.0
72.0
70.0
70.0
72.0
70.0
71.0
68.0
74.0
65.0
72.0
72.0
62.0
72.0
77.0
69.0
69.0
75.0
70.0
69.0
65.0
67.0
70.0
72.0
71.0
68.0
68.0
70.0
71.0
69.0
71.0
74.0
68.0
66.0
72.0
63.0
74.0
70.0
61.0
69.0
67.0
70.0
75.0
69.0
56.0
57.0
52.0
61.0
57.0
53.0
53.0
53.0
53.0
53.0
57.0
50.0
48.0
48.0
53.0
57.0
51.0
57.0
53.0
57.0
59.0
54.0
51.0
55.0
56.0
58.0
56.0
53.0
57.0
59.0
55.0
55.0
54.0
58.0
51.0
52.0
60.0
59.0
53.0
57.0
51.0
59.0
62.0
58.0
62.0
51.0
39.0
43.0
45.0
45.0
47.0
42.0
44.0
43.0
43.0
43.0
45.0
42.0
43.0
48.0
41.0
40.0
45.0
44.0
52.0
41.0
46.0
43.0
41.0
44.0
45.0
32.0
43.0
38.0
43.0
45.0
38.0
35.0
39.0
42.0
39.0
44.0
34.0
42.0
41.0
44.0
39.0
43.0
41.0
45.0
43.0
40.0
40.0
49.0
50.0
45.0
44.0
51.0
51.0
50.0
49.0
54.0
52.0
46.0
49.0
50.0
48.0
54.0
48.0
54.0
54.0
51.0
48.0
55.0
53.0
51.0
54.0
52.0
53.0
50.0
51.0
47.0
47.0
47.0
46.0
52.0
44.0
52.0
51.0
52.0
44.0
47.0
48.0
46.0
50.0
53.0
48.0
48.0
47.0
55.0
54.0
59.0
61.0
57.0
54.0
56.0
57.0
64.0
57.0
60.0
55.0
59.0
56.0
56.0
54.0
53.0
50.0
55.0
60.0
59.0
51.0
58.0
58.0
56.0
82.0
85.0
76.0
80.0
85.0
86.0
82.0
82.0
85.0
85.0
87.0
88.0
86.0
85.0
84.0
85.0
85.0
80.0
80.0
85.0
81.0
80.0
93.0
90.0
92.0
97.0
93.0
87.0
95.0
91.0
91.0
92.0
91.0
88.0
88.0
95.0
89.0
95.0
90.0
96.0
88.0
88.0
79.0
84.0
87.0
86.0
83.0
82.0
80.0
81.0
83.0
86.0
87.0
79.0
79.0
98.0
96.0
100.0
100.0
98.0
95.0
100.0
100.0
100.0
98.0
100.0
96.0
95.0
100.0
75.0
81.0
81.0
82.0
79.0
75.0
81.0
76.0
79.0
81.0
80.0
81.0
76.0
77.0
86.0
77.0
74.0
59.0
53.0
59.0
55.0
57.0
57.0
52.0
67.0
61.0
57.0
58.0
55.0
62.0
62.0
57.0
56.0
50.0
56.0
55.0
56.0
57.0
67.0
58.0
62.0
61.0
55.0
56.0
56.0
49.0
47.0
51.0
56.0
55.0
54.0
54.0
56.0
54.0
52.0
47.0
49.0
49.0
51.0
48.0
50.0
54.0
52.0
48.0
53.0
44.0
51.0
47.0
58.0
60.0
59.0
55.0
59.0
62.0
62.0
62.0
56.0
61.0
55.0
54.0
54.0
53.0
55.0
57.0
59.0
54.0
62.0
56.0
40.0
43.0
42.0
42.0
36.0
41.0
37.0
39.0
41.0
40.0
40.0
39.0
43.0
41.0
40.0
43.0
37.0
38.0
43.0
42.0
42.0
44.0
43.0
42.0
39.0
44.0
45.0
44.0
46.0
43.0
43.0
43.0
45.0
39.0
42.0
45.0
47.0
45.0
45.0
44.0
49.0
43.0
45.0
54.0
49.0
56.0
55.0
59.0
55.0
50.0
54.0
52.0
54.0
60.0
50.0
57.0
52.0
56.0
59.0
62.0
40.0
47.0
49.0
46.0
46.0
44.0
46.0
38.0
45.0
46.0
41.0
45.0
42.0
40.0
37.0
44.0
41.0
43.0
47.0
45.0
76.0
69.0
70.0
79.0
70.0
69.0
71.0
74.0
68.0
70.0
70.0
67.0
70.0
71.0
71.0
74.0
72.0
72.0
73.0
73.0
71.0
71.0
71.0
72.0
72.0
75.0
67.0
70.0
72.0
73.0
71.0
63.0
71.0
69.0
65.0
70.0
66.0
70.0
82.0
82.0
83.0
84.0
74.0
80.0
72.0
78.0
81.0
80.0
80.0
79.0
79.0
83.0
80.0
83.0
78.0
71.0
77.0
77.0
79.0
78.0
78.0
72.0
80.0
84.0
78.0
78.0
78.0
81.0
77.0
82.0
81.0
60.0
62.0
58.0
59.0
58.0
60.0
56.0
60.0
62.0
55.0
50.0
53.0
59.0
58.0
57.0
60.0
56.0
58.0
68.0
54.0
70.0
68.0
68.0
71.0
76.0
74.0
71.0
66.0
68.0
72.0
73.0
72.0
73.0
72.0
71.0
68.0
68.0
68.0
66.0
69.0
62.0
70.0
73.0
62.0
67.0
67.0
63.0
62.0
71.0
66.0
68.0
67.0
67.0
69.0
65.0
74.0
68.0
66.0
68.0
74.0
62.0
57.0
61.0
57.0
58.0
64.0
66.0
68.0
60.0
61.0
56.0
60.0
59.0
60.0
60.0
60.0
59.0
59.0
63.0
63.0
61.0
63.0
68.0
59.0
57.0
61.0
59.0
59.0
64.0
61.0
60.0
61.0
60.0
63.0
59.0
54.0
54.0
61.0
64.0
59.0
57.0
58.0
61.0
56.0
61.0
55.0
56.0
58.0
58.0
58.0
58.0
61.0
63.0
55.0
61.0
61.0
61.0
56.0
60.0
60.0
57.0
62.0
61.0
66.0
51.0
64.0
60.0
60.0
66.0
58.0
64.0
62.0
69.0
65.0
63.0
64.0
69.0
65.0
62.0
62.0
62.0
62.0
57.0
64.0
62.0
56.0
59.0
62.0
61.0
65.0
71.0
78.0
76.0
80.0
76.0
75.0
85.0
78.0
78.0
81.0
78.0
77.0
76.0
76.0
79.0
78.0
79.0
79.0
73.0
74.0
76.0
79.0
81.0
81.0
73.0
68.0
63.0
65.0
70.0
66.0
64.0
69.0
67.0
69.0
74.0
71.0
70.0
69.0
66.0
73.0
70.0
68.0
68.0
68.0
71.0
70.0
68.0
67.0
73.0
67.0
69.0
69.0
71.0
65.0
68.0
65.0
65.0
69.0
66.0
75.0
70.0
70.0
69.0
70.0
81.0
68.0
78.0
70.0
73.0
74.0
79.0
73.0
76.0
72.0
83.0
74.0
72.0
77.0
75.0
73.0
72.0
79.0
68.0
74.0
71.0
75.0
68.0
69.0
67.0
68.0
72.0
69.0
66.0
69.0
67.0
69.0
72.0
67.0
71.0
68.0
66.0
67.0
67.0
66.0
62.0
79.0
77.0
79.0
78.0
77.0
71.0
81.0
77.0
79.0
71.0
77.0
75.0
73.0
75.0
76.0
79.0
79.0
81.0
77.0
78.0
95.0
93.0
91.0
94.0
94.0
93.0
98.0
94.0
91.0
94.0
94.0
94.0
99.0
96.0
91.0
91.0
98.0
94.0
89.0
93.0
94.0
97.0
93.0
93.0
93.0
94.0
90.0
88.0
97.0
93.0
94.0
95.0
94.0
92.0
92.0
93.0
91.0
92.0
93.0
92.0
94.0
96.0
95.0
91.0
89.0
96.0
90.0
95.0
89.0
92.0
93.0
91.0
92.0
88.0
93.0
93.0
88.0
90.0
93.0
90.0
86.0
95.0
88.0
96.0
95.0
90.0
90.0
85.0
89.0
90.0
85.0
90.0
85.0
91.0
88.0
91.0
93.0
91.0
84.0
90.0
91.0
92.0
86.0
95.0
90.0
85.0
92.0
90.0
93.0
89.0
88.0
82.0
90.0
90.0
90.0
91.0
86.0
91.0
96.0
90.0
88.0
82.0
87.0
88.0
86.0
95.0
90.0
82.0
87.0
93.0
89.0
88.0
89.0
87.0
92.0
84.0
89.0
87.0
75.0
69.0
70.0
67.0
70.0
72.0
75.0
76.0
72.0
62.0
72.0
78.0
71.0
74.0
73.0
71.0
82.0
82.0
82.0
81.0
88.0
81.0
84.0
87.0
83.0
87.0
87.0
81.0
86.0
79.0
89.0
85.0
85.0
90.0
87.0
87.0
89.0
85.0
91.0
85.0
81.0
90.0
89.0
88.0
86.0
83.0
84.0
85.0
85.0
80.0
79.0
76.0
78.0
75.0
79.0
78.0
79.0
82.0
77.0
78.0
80.0
79.0
73.0
71.0
79.0
74.0
77.0
75.0
73.0
72.0
79.0
76.0
80.0
75.0
80.0
78.0
78.0
76.0
78.0
73.0
75.0
79.0
73.0
72.0
68.0
68.0
69.0
65.0
73.0
75.0
76.0
73.0
70.0
67.0
72.0
73.0
74.0
72.0
73.0
72.0
60.0
58.0
56.0
56.0
65.0
58.0
60.0
52.0
58.0
62.0
54.0
56.0
58.0
57.0
63.0
70.0
70.0
77.0
74.0
67.0
66.0
69.0
70.0
73.0
72.0
69.0
71.0
68.0
68.0
64.0
50.0
56.0
55.0
51.0
51.0
56.0
53.0
54.0
51.0
55.0
48.0
58.0
63.0
56.0
58.0
55.0
51.0
58.0
69.0
73.0
74.0
78.0
76.0
73.0
79.0
71.0
73.0
73.0
77.0
77.0
78.0
71.0
75.0
76.0
76.0
77.0
79.0
75.0
79.0
72.0
79.0
75.0
80.0
78.0
82.0
73.0
76.0
80.0
79.0
75.0
80.0
73.0
77.0
77.0
73.0
62.0
61.0
62.0
64.0
51.0
56.0
58.0
61.0
60.0
60.0
60.0
59.0
56.0
62.0
64.0
58.0
59.0
64.0
55.0
55.0
55.0
58.0
58.0
60.0
61.0
60.0
59.0
56.0
56.0
59.0
57.0
63.0
59.0
57.0
58.0
60.0
52.0
61.0
62.0
57.0
49.0
54.0
47.0
55.0
44.0
51.0
51.0
54.0
52.0
49.0
48.0
53.0
48.0
48.0
50.0
53.0
51.0
49.0
51.0
62.0
50.0
53.0
46.0
50.0
54.0
47.0
46.0
53.0
49.0
49.0
49.0
51.0
48.0
43.0
45.0
46.0
46.0
45.0
50.0
47.0
47.0
54.0
49.0
48.0
39.0
47.0
47.0
49.0
48.0
45.0
52.0
48.0
49.0
46.0
47.0
51.0
53.0
49.0
52.0
45.0
48.0
48.0
54.0
54.0
45.0
49.0
47.0
51.0
51.0
48.0
50.0
49.0
50.0
50.0
54.0
49.0
47.0
50.0
62.0
47.0
48.0
49.0
50.0
47.0
48.0
52.0
50.0
42.0
47.0
47.0
45.0
52.0
53.0
47.0
52.0
46.0
48.0
48.0
52.0
45.0
44.0
51.0
49.0
44.0
49.0
52.0
49.0
86.0
83.0
74.0
81.0
85.0
81.0
82.0
80.0
74.0
91.0
78.0
81.0
80.0
82.0
78.0
83.0
81.0
80.0
80.0
79.0
77.0
75.0
76.0
68.0
78.0
72.0
72.0
81.0
78.0
66.0
73.0
68.0
69.0
74.0
69.0
77.0
77.0
77.0
80.0
69.0
71.0
70.0
76.0
94.0
90.0
94.0
89.0
87.0
91.0
89.0
94.0
85.0
85.0
93.0
94.0
90.0
94.0
87.0
94.0
92.0
88.0
84.0
90.0
87.0
95.0
60.0
58.0
56.0
55.0
59.0
59.0
53.0
63.0
60.0
59.0
58.0
59.0
57.0
59.0
62.0
59.0
63.0
56.0
61.0
61.0
57.0
62.0
54.0
60.0
55.0
62.0
55.0
53.0
54.0
56.0
54.0
53.0
50.0
54.0
55.0
52.0
53.0
52.0
52.0
52.0
48.0
53.0
50.0
55.0
57.0
59.0
53.0
54.0
49.0
53.0
50.0
53.0
56.0
49.0
49.0
52.0
49.0
51.0
50.0
53.0
51.0
53.0
50.0
54.0
50.0
52.0
48.0
53.0
47.0
52.0
57.0
52.0
45.0
46.0
50.0
51.0
55.0
47.0
50.0
48.0
46.0
52.0
54.0
49.0
51.0
43.0
53.0
48.0
48.0
49.0
47.0
55.0
48.0
48.0
55.0
53.0
49.0
50.0
52.0
46.0
46.0
50.0
47.0
51.0
50.0
55.0
46.0
53.0
48.0
