school_setting,school_type,teaching_method,n_student,lunch,pretest
1,0,0,1,1,40
2,1,0,16,1,14
0,1,1,10,1,14
2,1,0,14,0,21
2,1,1,11,1,19
1,1,1,7,0,32
2,1,1,17,1,19
1,1,1,7,1,29
2,1,0,10,0,28
0,1,1,7,0,43
1,0,1,1,0,44
2,1,1,15,1,17
0,1,0,9,1,30
2,0,1,3,0,40
0,1,1,8,0,22
0,0,0,0,0,41
0,1,1,10,1,10
2,1,1,11,1,15
2,1,1,13,0,29
1,1,1,11,0,64
0,1,0,5,0,32
0,1,1,9,1,11
2,1,1,15,1,20
2,1,1,17,1,26
0,1,1,6,0,26
0,1,1,7,0,35
2,0,0,13,1,16
2,0,0,13,1,16
2,1,1,16,1,18
1,0,1,7,0,50
2,1,1,16,1,23
2,1,0,16,1,8
1,0,1,7,1,45
2,1,1,14,0,35
2,0,1,3,0,48
0,1,1,5,0,39
0,0,0,6,1,29
1,1,1,7,0,59
1,1,1,7,1,19
1,0,1,5,0,40
2,1,0,14,0,18
1,1,1,8,0,57
2,0,0,3,0,43
2,1,1,17,1,30
2,0,1,3,0,41
0,1,0,5,0,38
1,0,1,5,0,35
0,0,0,1,1,30
2,1,1,10,1,17
1,1,0,13,0,42
2,0,1,6,0,41
1,0,0,3,0,46
0,1,1,5,0,43
1,1,1,13,1,29
2,1,1,14,1,5
1,1,1,8,0,57
1,1,1,7,0,50
1,0,1,5,0,45
1,1,0,9,0,52
1,1,1,8,0,32
1,0,0,4,1,38
0,1,1,10,1,13
1,1,1,13,1,29
1,1,1,7,1,29
1,0,1,7,1,50
2,1,0,14,0,24
0,1,0,5,0,40
1,1,1,7,0,42
1,1,1,13,0,30
0,0,0,0,0,36
2,0,1,8,0,51
0,1,1,7,0,42
1,0,1,5,0,44
2,1,0,16,1,13
2,1,1,14,0,30
0,1,0,3,0,39
1,1,0,13,1,36
2,0,0,3,0,47
2,1,1,10,1,17
2,0,0,3,0,45
2,1,1,17,1,19
1,1,1,7,0,40
0,0,0,4,0,38
1,0,0,6,1,44
0,0,0,6,1,34
0,1,1,6,0,27
2,1,0,14,0,24
2,1,1,11,1,18
2,0,1,3,0,50
1,1,0,14,0,38
2,1,1,11,1,13
2,0,1,3,0,47
2,1,1,10,1,11
2,1,0,16,1,5
2,0,1,11,0,21
1,1,0,9,0,51
1,0,0,3,0,40
2,1,1,10,1,10
2,1,0,12,1,13
0,1,1,9,1,10
2,1,1,10,1,13
2,1,1,17,1,25
0,1,0,3,0,35
1,1,1,11,0,61
1,1,1,7,0,45
2,1,0,16,1,9
2,1,0,16,1,9
1,1,1,11,0,59
2,1,1,16,1,22
2,0,1,5,0,38
1,0,0,3,0,45
1,1,1,9,0,35
2,0,1,8,0,49
1,0,0,2,0,33
1,1,1,7,0,46
2,1,1,11,1,13
0,0,0,0,1,33
2,1,0,16,1,15
1,1,0,9,0,56
2,1,1,16,1,15
2,1,1,14,0,34
1,0,0,4,0,42
2,1,0,16,1,11
2,1,0,14,0,17
2,1,1,14,1,13
1,1,1,7,0,45
0,0,0,0,0,41
2,0,0,3,0,60
2,1,1,16,0,16
0,1,1,4,0,21
0,0,0,0,0,49
1,1,1,7,1,28
2,1,1,14,0,33
2,0,1,3,0,45
0,1,0,3,0,44
0,1,1,7,1,40
1,1,0,4,0,55
0,1,0,8,0,20
1,1,1,7,0,41
