posttest
75.0
57.0
43.0
58.0
48.0
72.0
56.0
59.0
66.0
78.0
76.0
53.0
69.0
77.0
57.0
84.0
39.0
51.0
58.0
92.0
73.0
49.0
53.0
58.0
56.0
70.0
57.0
53.0
48.0
80.0
49.0
48.0
82.0
65.0
83.0
71.0
73.0
94.0
53.0
75.0
59.0
95.0
83.0
57.0
74.0
72.0
72.0
68.0
51.0
80.0
73.0
81.0
71.0
66.0
45.0
87.0
79.0
76.0
94.0
65.0
77.0
46.0
62.0
61.0
78.0
64.0
80.0
72.0
70.0
74.0
82.0
76.0
80.0
52.0
68.0
78.0
79.0
82.0
54.0
85.0
54.0
74.0
76.0
83.0
73.0
55.0
61.0
47.0
80.0
77.0
50.0
87.0
48.0
42.0
52.0
94.0
81.0
43.0
51.0
46.0
45.0
58.0
78.0
94.0
78.0
48.0
47.0
91.0
51.0
71.0
82.0
74.0
80.0
74.0
79.0
45.0
69.0
52.0
94.0
48.0
63.0
80.0
54.0
60.0
44.0
79.0
80.0
100.0
55.0
56.0
84.0
62.0
61.0
76.0
83.0
71.0
89.0
59.0
71.0
